%P = [
%1 0 0 0 0 0;
%0.4 0 0.6 0 0 0;
%0 0.4 0 0.6 0 0;
%0 0 0.4 0 0.6 0;
%0 0 0 0.4 0 0.6;
%0 0 0 0 0 1;
%]

P = [ 
    1/3 1/3 1/3 0;
    1/2 1/4 1/4 0;
    2/5 1/2 0 1/10;
     0  0   0  1;
    ]

P^100000

